Pr Age0-18 Age18-50 Age50-64 Age65-79 Age80+ ObesityBMI<25 ObesityBMI25-30 ObesityBMI30-35 ObesityBMI>35 RaceBlack RaceAsian RaceHispanic SexMale SmokingYes ComorbidityYes
0 1 0 0 0 0 0 0 0 0 0 0 0 0 0 0
0.048 0 1 0 0 0 1 0 0 0 0 0 0 0 0 0
0.0575113821823413 0 0 1 0 0 1 0 0 0 0 0 0 0 0 0
0.0716055718747865 0 0 0 1 0 1 0 0 0 0 0 0 0 0 0
0.0896946236425061 0 0 0 0 1 1 0 0 0 0 0 0 0 0 0
0.0431685095697526 0 1 0 0 0 0 1 0 0 0 0 0 0 0 0
0.0517745806581718 0 0 1 0 0 0 1 0 0 0 0 0 0 0 0
0.0645591674275834 0 0 0 1 0 0 1 0 0 0 0 0 0 0 0
0.0810235027199988 0 0 0 0 1 0 1 0 0 0 0 0 0 0 0
0.0452005793070654 0 1 0 0 0 0 0 1 0 0 0 0 0 0 0
0.0541888206507588 0 0 1 0 0 0 0 1 0 0 0 0 0 0 0
0.0675270967071509 0 0 0 1 0 0 0 1 0 0 0 0 0 0 0
0.0846798165062019 0 0 0 0 1 0 0 1 0 0 0 0 0 0 0
0.0496482312836437 0 1 0 0 0 0 0 0 1 0 0 0 0 0 0
0.0594658157729586 0 0 1 0 0 0 0 0 1 0 0 0 0 0 0
0.0740013670790104 0 0 0 1 0 0 0 0 1 0 0 0 0 0 0
0.0926352567351488 0 0 0 0 1 0 0 0 1 0 0 0 0 0 0
0.0427130997505829 0 1 0 0 0 1 0 0 0 1 0 0 0 0 0
0.0512332417160987 0 0 1 0 0 1 0 0 0 1 0 0 0 0 0
0.0638931638569362 0 0 0 1 0 1 0 0 0 1 0 0 0 0 0
0.0802022126072511 0 0 0 0 1 1 0 0 0 1 0 0 0 0 0
0.038392306903108 0 1 0 0 0 0 1 0 0 1 0 0 0 0 0
0.0460920627161489 0 0 1 0 0 0 1 0 0 1 0 0 0 0 0
0.0575586520190984 0 0 0 1 0 0 1 0 0 1 0 0 0 0 0
0.0723757980747764 0 0 0 0 1 0 1 0 0 1 0 0 0 0 0
0.0402089946669852 0 1 0 0 0 0 0 1 0 1 0 0 0 0 0
0.0482548123168083 0 0 1 0 0 0 0 1 0 1 0 0 0 0 0
0.0602254719418763 0 0 0 1 0 0 0 1 0 1 0 0 0 0 0
0.0756740053038913 0 0 0 0 1 0 0 1 0 1 0 0 0 0 0
0.0441882151573915 0 1 0 0 0 0 0 0 1 1 0 0 0 0 0
0.0529863172074825 0 0 1 0 0 0 0 0 1 1 0 0 0 0 0
0.0660492737204403 0 0 0 1 0 0 0 0 1 1 0 0 0 0 0
0.0828599650715199 0 0 0 0 1 0 0 0 1 1 0 0 0 0 0
0.0522766617335582 0 1 0 0 0 1 0 0 0 0 1 0 0 0 0
0.0625797743668782 0 0 1 0 0 1 0 0 0 0 1 0 0 0 0
0.0778135139934583 0 0 0 1 0 1 0 0 0 0 1 0 0 0 0
0.0973064494179811 0 0 0 0 1 1 0 0 0 0 1 0 0 0 0
0.0470359679753897 0 1 0 0 0 0 1 0 0 0 1 0 0 0 0
0.0563676341810122 0 0 1 0 0 0 1 0 0 0 1 0 0 0 0
0.0702024062067701 0 0 0 1 0 0 1 0 0 0 1 0 0 0 0
0.0879705771404073 0 0 0 0 1 0 1 0 0 0 1 0 0 0 0
0.0492407215994667 0 1 0 0 0 0 0 1 0 0 1 0 0 0 0
0.0589827252060294 0 0 1 0 0 0 0 1 0 0 1 0 0 0 0
0.0734094086498839 0 0 0 1 0 0 0 1 0 0 1 0 0 0 0
0.0919090349974168 0 0 0 0 1 0 0 1 0 0 1 0 0 0 0
0.0540634060181906 0 1 0 0 0 0 0 0 1 0 1 0 0 0 0
0.064694626222641 0 0 1 0 0 0 0 0 1 0 1 0 0 0 0
0.0803990284933128 0 0 0 1 0 0 0 0 1 0 1 0 0 0 0
0.100469092947118 0 0 0 0 1 0 0 0 1 0 1 0 0 0 0
0.0527963442776589 0 1 0 0 0 1 0 0 0 0 0 1 0 0 0
0.0631950505250333 0 0 1 0 0 1 0 0 0 0 0 1 0 0 0
0.0785660134178836 0 0 0 1 0 1 0 0 0 0 0 1 0 0 0
0.0982273772309672 0 0 0 0 1 1 0 0 0 0 0 1 0 0 0
0.0475061642423138 0 1 0 0 0 0 1 0 0 0 0 1 0 0 0
0.0569255423325455 0 0 1 0 0 0 1 0 0 0 0 1 0 0 0
0.0708869598252664 0 0 0 1 0 0 1 0 0 0 0 1 0 0 0
0.0888118413744074 0 0 0 0 1 0 1 0 0 0 0 1 0 0 0
0.0497318075599954 0 1 0 0 0 0 0 1 0 0 0 1 0 0 0
0.0595648828302055 0 0 1 0 0 0 0 1 0 0 0 1 0 0 0
0.0741227412296035 0 0 0 1 0 0 0 1 0 0 0 1 0 0 0
0.0927841311238892 0 0 0 0 1 0 0 1 0 0 0 1 0 0 0
0.0545998272971685 0 1 0 0 0 0 0 0 1 0 0 1 0 0 0
0.0653292462576644 0 0 1 0 0 0 0 0 1 0 0 1 0 0 0
0.0811743303745024 0 0 0 1 0 0 0 0 1 0 0 1 0 0 0
0.101416589840524 0 0 0 0 1 0 0 0 1 0 0 1 0 0 0
0.0446313501437602 0 1 0 0 0 1 0 0 0 0 0 0 1 0 0
0.0535127429280197 0 0 1 0 0 1 0 0 0 0 0 0 1 0 0
0.0666963412524146 0 0 0 1 0 1 0 0 0 0 0 0 1 0 0
0.0836569707583843 0 0 0 0 1 1 0 0 0 0 0 0 1 0 0
0.0401246434612458 0 1 0 0 0 0 1 0 0 0 0 0 1 0 0
0.0481544292724901 0 0 1 0 0 0 1 0 0 0 0 0 1 0 0
0.0601017592414377 0 0 0 1 0 0 1 0 0 0 0 0 1 0 0
0.0755211090099914 0 0 0 0 1 0 1 0 0 0 0 0 1 0 0
0.0420197217740674 0 1 0 0 0 0 0 1 0 0 0 0 1 0 0
0.0504088362061384 0 0 1 0 0 0 0 1 0 0 0 0 1 0 0
0.0628785456306807 0 0 0 1 0 0 0 1 0 0 0 0 1 0 0
0.0789504507067461 0 0 0 0 1 0 0 1 0 0 0 0 1 0 0
0.0461695180665859 0 1 0 0 0 0 0 0 1 0 0 0 1 0 0
0.0553392678546558 0 0 1 0 0 0 0 0 1 0 0 0 1 0 0
0.0689400793941548 0 0 0 1 0 0 0 0 1 0 0 0 1 0 0
0.086418451268746 0 0 0 0 1 0 0 0 1 0 0 0 1 0 0
0.0397000128202933 0 1 0 0 0 1 0 0 0 1 0 0 1 0 0
0.0476490394592659 0 0 1 0 0 1 0 0 0 1 0 0 1 0 0
0.059478815271151 0 0 0 1 0 1 0 0 0 1 0 0 1 0 0
0.0747510567915156 0 0 0 0 1 1 0 0 0 1 0 0 1 0 0
0.0356726611641334 0 1 0 0 0 0 1 0 0 1 0 0 1 0 0
0.0428512852286216 0 0 1 0 0 0 1 0 0 1 0 0 1 0 0
0.0535569129567075 0 0 0 1 0 0 1 0 0 1 0 0 1 0 0
0.0674175959030401 0 0 0 0 1 0 1 0 0 1 0 0 1 0 0
0.0373656584675681 0 1 0 0 0 0 0 1 0 1 0 0 1 0 0
0.0448691225209015 0 0 1 0 0 0 0 1 0 1 0 0 1 0 0
0.0560493502034938 0 0 0 1 0 0 0 1 0 1 0 0 1 0 0
0.0705070288829616 0 0 0 0 1 0 0 1 0 1 0 0 1 0 0
0.0410755349255731 0 1 0 0 0 0 0 0 1 1 0 0 1 0 0
0.0492858433144559 0 0 1 0 0 0 0 0 1 1 0 0 1 0 0
0.0614957464652656 0 0 0 1 0 0 0 0 1 1 0 0 1 0 0
0.077243338065211 0 0 0 0 1 0 0 0 1 1 0 0 1 0 0
0.0486232043142056 0 1 0 0 0 1 0 0 0 0 1 0 1 0 0
0.0582505207313238 0 0 1 0 0 1 0 0 0 0 1 0 1 0 0
0.0725119132714387 0 0 0 1 0 1 0 0 0 0 1 0 1 0 0
0.0908075307112134 0 0 0 0 1 1 0 0 0 0 1 0 1 0 0
0.0437318661837209 0 1 0 0 0 0 1 0 0 0 1 0 1 0 0
0.0524440922378218 0 0 1 0 0 0 1 0 0 0 1 0 1 0 0
0.0653826007574758 0 0 0 1 0 0 1 0 0 0 1 0 1 0 0
0.0820385169531011 0 0 0 0 1 0 1 0 0 0 1 0 1 0 0
0.0457891857264216 0 1 0 0 0 0 0 1 0 0 1 0 1 0 0
0.0548877443280627 0 0 1 0 0 0 0 1 0 0 1 0 1 0 0
0.0683856177046802 0 0 0 1 0 0 0 1 0 0 1 0 1 0 0
0.0857363615448087 0 0 0 0 1 0 0 1 0 0 1 0 1 0 0
0.0502917047920249 0 1 0 0 0 0 0 0 1 0 1 0 1 0 0
0.0602284676181811 0 0 1 0 0 0 0 0 1 0 1 0 1 0 0
0.0749355853930117 0 0 0 1 0 0 0 0 1 0 1 0 1 0 0
0.093780891499961 0 0 0 0 1 0 0 0 1 0 1 0 1 0 0
0.0491084497745469 0 1 0 0 0 1 0 0 0 0 0 1 1 0 0
0.058825903292418 0 0 1 0 0 1 0 0 0 0 0 1 1 0 0
0.0732172138500598 0 0 0 1 0 1 0 0 0 0 0 1 1 0 0
0.091673197811553 0 0 0 0 1 1 0 0 0 0 0 1 1 0 0
0.0441705638545962 0 1 0 0 0 0 1 0 0 0 0 1 1 0 0
0.0529653461896284 0 0 1 0 0 0 1 0 0 0 0 1 1 0 0
0.0660234930680833 0 0 0 1 0 0 1 0 0 0 0 1 1 0 0
0.0828282047170579 0 0 0 0 1 0 1 0 0 0 0 1 1 0 0
0.0462475233579927 0 1 0 0 0 0 0 1 0 0 0 1 1 0 0
0.0554318654573281 0 0 1 0 0 0 0 1 0 0 0 1 1 0 0
0.0690537712667704 0 0 0 1 0 0 0 1 0 0 0 1 1 0 0
0.0865582877098063 0 0 0 0 1 0 0 1 0 0 0 1 1 0 0
0.0507927124203989 0 1 0 0 0 0 0 0 1 0 0 1 1 0 0
0.0608221259716235 0 0 1 0 0 0 0 0 1 0 0 1 1 0 0
0.0756625371264413 0 0 0 1 0 0 0 0 1 0 0 1 1 0 0
0.0946719521172868 0 0 0 0 1 0 0 0 1 0 0 1 1 0 0
0.0632814189177014 0 1 0 0 0 1 0 0 0 0 0 0 0 1 0
0.0755804699046127 0 0 1 0 0 1 0 0 0 0 0 0 0 1 0
0.0936627502842192 0 0 0 1 0 1 0 0 0 0 0 0 0 1 0
0.116623941081675 0 0 0 0 1 1 0 0 0 0 0 0 0 1 0
0.0570038636036278 0 1 0 0 0 0 1 0 0 0 0 0 0 1 0
0.0681716346036535 0 0 1 0 0 0 1 0 0 0 0 0 0 1 0
0.0846436853376803 0 0 0 1 0 0 1 0 0 0 0 0 0 1 0
0.105651610878934 0 0 0 0 1 0 1 0 0 0 0 0 0 1 0
0.0596466057783097 0 1 0 0 0 0 0 1 0 0 0 0 0 1 0
0.0712929800999446 0 0 1 0 0 0 0 1 0 0 0 0 0 1 0
0.088447642254637 0 0 0 1 0 0 0 1 0 0 0 0 0 1 0
0.110285930555856 0 0 0 0 1 0 0 1 0 0 0 0 0 1 0
0.0654183277623844 0 1 0 0 0 0 0 0 1 0 0 0 0 1 0
0.0780980705415625 0 0 1 0 0 0 0 0 1 0 0 0 0 1 0
0.0967196556498225 0 0 0 1 0 0 0 0 1 0 0 0 0 1 0
0.120330745353301 0 0 0 0 1 0 0 0 1 0 0 0 0 1 0
0.0564111016309475 0 1 0 0 0 1 0 0 0 1 0 0 0 1 0
0.0674710521605375 0 0 1 0 0 1 0 0 0 1 0 0 0 1 0
0.0837890452420443 0 0 0 1 0 1 0 0 0 1 0 0 0 1 0
0.104609096578811 0 0 0 0 1 1 0 0 0 1 0 0 0 1 0
0.0507781407121759 0 1 0 0 0 0 1 0 0 1 0 0 0 1 0
0.0608048612825053 0 0 1 0 0 0 1 0 0 1 0 0 0 1 0
0.0756413991837223 0 0 0 1 0 0 1 0 0 1 0 0 0 1 0
0.0946460472683263 0 0 0 0 1 0 1 0 0 1 0 0 0 1 0
0.0531485211989359 0 1 0 0 0 0 0 1 0 1 0 0 0 1 0
0.0636119334567496 0 0 1 0 0 0 0 1 0 1 0 0 0 1 0
0.0790757359256299 0 0 0 1 0 0 0 1 0 1 0 0 0 1 0
0.0988509747001573 0 0 0 0 1 0 0 1 0 1 0 0 0 1 0
0.0583304580639125 0 1 0 0 0 0 0 0 1 1 0 0 0 1 0
0.0697389049971504 0 0 1 0 0 0 0 0 1 1 0 0 0 1 0
0.086554473670461 0 0 0 1 0 0 0 0 1 1 0 0 0 1 0
0.107980698026078 0 0 0 0 1 0 0 0 1 1 0 0 0 1 0
0.0688211844452702 0 1 0 0 0 1 0 0 0 0 1 0 0 1 0
0.0821025456897296 0 0 1 0 0 1 0 0 0 0 1 0 0 1 0
0.101573751039386 0 0 0 1 0 1 0 0 0 0 1 0 0 1 0
0.126204254716078 0 0 0 0 1 1 0 0 0 0 1 0 0 1 0
0.0620304726597289 0 1 0 0 0 0 1 0 0 0 1 0 0 1 0
0.074105630456386 0 0 1 0 0 0 1 0 0 0 1 0 0 1 0
0.091870128862849 0 0 0 1 0 0 1 0 0 0 1 0 0 1 0
0.114447355176588 0 0 0 0 1 0 1 0 0 0 1 0 0 1 0
0.0648902162687176 0 1 0 0 0 0 0 1 0 0 1 0 0 1 0
0.0774760832391105 0 0 1 0 0 0 0 1 0 0 1 0 0 1 0
0.0959648004303854 0 0 0 1 0 0 0 1 0 0 1 0 0 1 0
0.119415977301839 0 0 0 0 1 0 0 1 0 0 1 0 0 1 0
0.0711309566995947 0 1 0 0 0 0 0 0 1 0 1 0 0 1 0
0.0848174646784394 0 0 1 0 0 0 0 0 1 0 1 0 0 1 0
0.104858978760991 0 0 0 1 0 0 0 0 1 0 1 0 0 1 0
0.130170691723408 0 0 0 0 1 0 0 0 1 0 1 0 0 1 0
0.0694932762123396 0 1 0 0 0 1 0 0 0 0 0 1 0 1 0
0.0828927941275117 0 0 1 0 0 1 0 0 0 0 0 1 0 1 0
0.102530478229398 0 0 0 1 0 1 0 0 0 0 0 1 0 1 0
0.12736009009847 0 0 0 0 1 1 0 0 0 0 0 1 0 1 0
0.0626407090407928 0 1 0 0 0 0 1 0 0 0 0 1 0 1 0
0.0748251820291214 0 0 1 0 0 0 1 0 0 0 0 1 0 1 0
0.092744892384708 0 0 0 1 0 0 1 0 0 0 0 1 0 1 0
0.11550974946693 0 0 0 0 1 0 1 0 0 0 0 1 0 1 0
0.0655266205207891 0 1 0 0 0 0 0 1 0 0 0 1 0 1 0
0.0782255963226899 0 0 1 0 0 0 0 1 0 0 0 1 0 1 0
0.0968743932800554 0 0 0 1 0 0 0 1 0 0 0 1 0 1 0
0.120518217390371 0 0 0 0 1 0 0 1 0 0 0 1 0 1 0
0.0718238653203019 0 1 0 0 0 0 0 0 1 0 0 1 0 1 0
0.0856314067630323 0 0 1 0 0 0 0 0 1 0 0 1 0 1 0
0.105843004185474 0 0 0 1 0 0 0 0 1 0 0 1 0 1 0
0.131357392584909 0 0 0 0 1 0 0 0 1 0 0 1 0 1 0
0.058906675868512 0 1 0 0 0 1 0 0 0 0 0 0 1 1 0
0.070419393469494 0 0 1 0 0 1 0 0 0 0 0 0 1 1 0
0.0873836299007422 0 0 0 1 0 1 0 0 0 0 0 0 1 1 0
0.108990618092524 0 0 0 0 1 1 0 0 0 0 0 0 1 1 0
0.0530385252389199 0 1 0 0 0 0 1 0 0 0 0 0 1 1 0
0.0634817343254974 0 0 1 0 0 0 1 0 0 0 0 0 1 1 0
0.0789165533754321 0 0 0 1 0 0 1 0 0 0 0 0 1 1 0
0.0986562483845762 0 0 0 0 1 0 1 0 0 0 0 0 1 1 0
0.0555082526058856 0 1 0 0 0 0 0 1 0 0 0 0 1 1 0
0.0664036476989729 0 0 1 0 0 0 0 1 0 0 0 0 1 1 0
0.0824863219627773 0 0 0 1 0 0 0 1 0 0 0 0 1 1 0
0.103019067571077 0 0 0 0 1 0 0 1 0 0 0 0 1 1 0
0.0609054621436654 0 1 0 0 0 0 0 0 1 0 0 0 1 1 0
0.0727786124247077 0 0 1 0 0 0 0 0 1 0 0 0 1 1 0
0.0902560093109016 0 0 0 1 0 0 0 0 1 0 0 0 1 1 0
0.112485697154611 0 0 0 0 1 0 0 0 1 0 0 0 1 1 0
0.0524847023636902 0 1 0 0 0 1 0 0 0 1 0 0 1 1 0
0.0628260992366354 0 0 1 0 0 1 0 0 0 1 0 0 1 1 0
0.0781148048500123 0 0 0 1 0 1 0 0 0 1 0 0 1 1 0
0.0976752219734003 0 0 0 0 1 1 0 0 0 1 0 0 1 1 0
0.0472241919287362 0 1 0 0 0 0 1 0 0 1 0 0 1 1 0
0.0565909831301955 0 0 1 0 0 0 1 0 0 1 0 0 1 1 0
0.0704764793401636 0 0 0 1 0 0 1 0 0 1 0 0 1 1 0
0.088307429768617 0 0 0 0 1 0 1 0 0 1 0 0 1 1 0
0.0494373106186209 0 1 0 0 0 0 0 1 0 1 0 0 1 1 0
0.0592157858486221 0 0 1 0 0 0 0 1 0 1 0 0 1 1 0
0.0736950097084228 0 0 0 1 0 0 0 1 0 1 0 0 1 1 0
0.0922594430108075 0 0 0 0 1 0 0 1 0 1 0 0 1 1 0
0.0542781499544628 0 1 0 0 0 0 0 0 1 1 0 0 1 1 0
0.0649486987632601 0 0 1 0 0 0 0 0 1 1 0 0 1 1 0
0.0807094541997407 0 0 0 1 0 0 0 0 1 1 0 0 1 1 0
0.100848512258937 0 0 0 0 1 0 0 0 1 1 0 0 1 1 0
0.0640896715127376 0 1 0 0 0 1 0 0 0 0 1 0 1 1 0
0.0765329757264256 0 0 1 0 0 1 0 0 0 0 1 0 1 1 0
0.0948197643213108 0 0 0 1 0 1 0 0 0 0 1 0 1 1 0
0.118027657369034 0 0 0 0 1 1 0 0 0 0 1 0 1 1 0
0.0577368790814929 0 1 0 0 0 0 1 0 0 0 1 0 1 1 0
0.069037743382574 0 0 1 0 0 0 1 0 0 0 1 0 1 1 0
0.0856998217780602 0 0 0 1 0 0 1 0 0 0 1 0 1 1 0
0.106939248880446 0 0 0 0 1 0 1 0 0 0 1 0 1 1 0
0.0604114273352154 0 1 0 0 0 0 0 1 0 0 1 0 1 1 0
0.0721956725743244 0 0 1 0 0 0 0 1 0 0 1 0 1 1 0
0.089546599108749 0 0 0 1 0 0 0 1 0 0 1 0 1 1 0
0.111623000347955 0 0 0 0 1 0 0 1 0 0 1 0 1 1 0
0.0662519433147639 0 1 0 0 0 0 0 0 1 0 1 0 1 1 0
0.0790795903340158 0 0 1 0 0 0 0 0 1 0 1 0 1 1 0
0.0979103522119445 0 0 0 1 0 0 0 0 1 0 1 0 1 1 0
0.121772927405887 0 0 0 0 1 0 0 0 1 0 1 0 1 1 0
0.0647187678871744 0 1 0 0 0 1 0 0 0 0 0 1 1 1 0
0.0772741293119382 0 0 1 0 0 1 0 0 0 0 0 1 1 1 0
0.095719653192006 0 0 0 1 0 1 0 0 0 0 0 1 1 1 0
0.119118816364902 0 0 0 0 1 1 0 0 0 0 0 1 1 1 0
0.0583075021598327 0 1 0 0 0 0 1 0 0 0 0 1 1 1 0
0.0697117916868669 0 0 1 0 0 0 1 0 0 0 0 1 1 1 0
0.0865214307985602 0 0 0 1 0 0 1 0 0 0 0 1 1 1 0
0.107940442094126 0 0 0 0 1 0 1 0 0 0 0 1 1 1 0
0.0610067720110118 0 1 0 0 0 0 0 1 0 0 0 1 1 1 0
0.072898138942629 0 0 1 0 0 0 0 1 0 0 0 1 1 1 0
0.0904014409619204 0 0 0 1 0 0 0 1 0 0 0 1 1 1 0
0.112662512184061 0 0 0 0 1 0 0 1 0 0 0 1 1 1 0
0.0669007471080171 0 1 0 0 0 0 0 0 1 0 0 1 1 1 0
0.0798432733517147 0 0 1 0 0 0 0 0 1 0 0 1 1 1 0
0.0988363696941508 0 0 0 1 0 0 0 0 1 0 0 1 1 1 0
0.122893886595346 0 0 0 0 1 0 0 0 1 0 0 1 1 1 0
0.0441152459619154 0 1 0 0 0 1 0 0 0 0 0 0 0 0 1
0.0528996235536205 0 0 1 0 0 1 0 0 0 0 0 0 0 0 1
0.065942695336493 0 0 0 1 0 1 0 0 0 0 0 0 0 0 1
0.0827286634372477 0 0 0 0 1 1 0 0 0 0 0 0 0 0 1
0.0396584902225686 0 1 0 0 0 0 1 0 0 0 0 0 0 0 1
0.0475996150052715 0 0 1 0 0 0 1 0 0 0 0 0 0 0 1
0.0594178858302198 0 0 0 1 0 0 1 0 0 0 0 0 0 0 1
0.0746757247980145 0 0 0 0 1 0 1 0 0 0 0 0 0 0 1
0.0415325048340158 0 1 0 0 0 0 0 1 0 0 0 0 0 0 1
0.0498294074105662 0 0 1 0 0 0 0 1 0 0 0 0 0 0 1
0.0621651660635236 0 0 0 1 0 0 0 1 0 0 0 0 0 0 1
0.0780699201801396 0 0 0 0 1 0 0 1 0 0 0 0 0 0 1
0.0456364766045688 0 1 0 0 0 0 0 0 1 0 0 0 0 0 1
0.0547064307559374 0 0 1 0 0 0 0 0 1 0 0 0 0 0 1
0.06816293166888 0 0 0 1 0 0 0 0 1 0 0 0 0 0 1
0.0854623588326106 0 0 0 0 1 0 0 0 1 0 0 0 0 0 1
0.0392385911194947 0 1 0 0 0 1 0 0 0 1 0 0 0 0 1
0.0470997599413227 0 0 1 0 0 1 0 0 0 1 0 0 0 0 1
0.0588015866342661 0 0 0 1 0 1 0 0 0 1 0 0 0 0 1
0.0739136033723815 0 0 0 0 1 1 0 0 0 1 0 0 0 0 1
0.035256329670215 0 1 0 0 0 0 1 0 0 1 0 0 0 0 1
0.0423548526405805 0 0 1 0 0 0 1 0 0 1 0 0 0 0 1
0.0529433158147551 0 0 0 1 0 0 1 0 0 1 0 0 0 0 1
0.0666563821221546 0 0 0 0 1 0 1 0 0 1 0 0 0 0 1
0.0369303248895225 0 1 0 0 0 0 0 1 0 1 0 0 0 0 1
0.0443503964467718 0 0 1 0 0 0 0 1 0 1 0 0 0 0 1
0.0554088691843084 0 0 0 1 0 0 0 1 0 1 0 0 0 0 1
0.0697135398427772 0 0 0 0 1 0 0 1 0 1 0 0 0 0 1
0.0405988018295829 0 1 0 0 0 0 0 0 1 1 0 0 0 0 1
0.0487186605984627 0 0 1 0 0 0 0 0 1 1 0 0 0 0 1
0.0607970374454981 0 0 0 1 0 0 0 0 1 1 0 0 0 0 1
0.076380267998859 0 0 0 0 1 0 0 0 1 1 0 0 0 0 1
0.048063261749568 0 1 0 0 0 1 0 0 0 0 1 0 0 0 1
0.0575864212126987 0 0 1 0 0 1 0 0 0 0 1 0 0 0 1
0.0716976016080667 0 0 0 1 0 1 0 0 0 0 1 0 0 0 1
0.0898076530535783 0 0 0 0 1 1 0 0 0 0 1 0 0 0 1
0.0432256927667548 0 1 0 0 0 0 1 0 0 0 1 0 0 0 1
0.05184254622244 0 0 1 0 0 0 1 0 0 0 1 0 0 0 1
0.0646427714746573 0 0 0 1 0 0 1 0 0 0 1 0 0 0 1
0.0811265789621178 0 0 0 0 1 0 1 0 0 0 1 0 0 0 1
0.0452603269591947 0 1 0 0 0 0 0 1 0 0 1 0 0 0 1
0.0542597740871935 0 0 1 0 0 0 0 1 0 0 1 0 0 0 1
0.0676142664110792 0 0 0 1 0 0 0 1 0 0 1 0 0 0 1
0.0847871150696 0 0 0 0 1 0 0 1 0 0 1 0 0 0 1
0.0497135518874475 0 1 0 0 0 0 0 0 1 0 1 0 0 0 1
0.0595432437807528 0 0 1 0 0 0 0 0 1 0 1 0 0 0 1
0.0740962302130239 0 0 0 1 0 0 0 0 1 0 1 0 0 0 1
0.0927516142365625 0 0 0 0 1 0 0 0 1 0 1 0 0 0 1
0.0485432042720011 0 1 0 0 0 1 0 0 0 0 0 1 0 0 1
0.0581556490674802 0 0 1 0 0 1 0 0 0 0 0 1 0 0 1
0.0723955998764226 0 0 0 1 0 1 0 0 0 0 0 1 0 0 1
0.0906647388461596 0 0 0 0 1 1 0 0 0 0 0 1 0 0 1
0.0436595445703035 0 1 0 0 0 0 1 0 0 0 0 1 0 0 1
0.0523581516397732 0 0 1 0 0 0 1 0 0 0 0 1 0 0 1
0.0652769183430316 0 0 0 1 0 0 1 0 0 0 0 1 0 0 1
0.0819082718382068 0 0 0 0 1 0 1 0 0 0 0 1 0 0 1
0.0457136244628571 0 1 0 0 0 0 0 1 0 0 0 1 0 0 1
0.054798030875833 0 0 1 0 0 0 0 1 0 0 0 1 0 0 1
0.0682754358984899 0 0 0 1 0 0 0 1 0 0 0 1 0 0 1
0.085600793148813 0 0 0 0 1 0 0 1 0 0 0 1 0 0 1
0.0502091044343852 0 1 0 0 0 0 0 0 1 0 0 1 0 0 1
0.0601305801939434 0 0 1 0 0 0 0 0 1 0 0 1 0 0 1
0.0748156978865087 0 0 0 1 0 0 0 0 1 0 0 1 0 0 1
0.0936339056338832 0 0 0 0 1 0 0 0 1 0 0 1 0 0 1
0.0410074852579269 0 1 0 0 0 1 0 0 0 0 0 0 1 0 1
0.0492048896159906 0 0 1 0 0 1 0 0 0 0 0 0 1 0 1
0.0613960327205731 0 0 0 1 0 1 0 0 0 0 0 0 1 0 1
0.0771201882562603 0 0 0 0 1 1 0 0 0 0 0 0 1 0 1
0.0368525876474679 0 1 0 0 0 0 1 0 0 0 0 0 1 0 1
0.044257757944276 0 0 1 0 0 0 1 0 0 0 0 0 1 0 1
0.0552944684048443 0 0 0 1 0 0 1 0 0 0 0 0 1 0 1
0.0695717799918456 0 0 0 0 1 0 1 0 0 0 0 0 1 0 1
0.0385993419015785 0 1 0 0 0 0 0 1 0 0 0 0 1 0 1
0.0463386186641598 0 0 1 0 0 0 0 1 0 0 0 0 1 0 1
0.0578628244853843 0 0 0 1 0 0 0 1 0 0 0 0 1 0 1
0.0727522281442173 0 0 0 0 1 0 0 1 0 0 0 0 1 0 1
0.0424263071206103 0 1 0 0 0 0 0 0 1 0 0 0 1 0 1
0.0508922828161882 0 0 1 0 0 0 0 0 1 0 0 0 1 0 1
0.0634735893299559 0 0 0 1 0 0 0 0 1 0 0 0 1 0 1
0.0796846561840477 0 0 0 0 1 0 0 0 1 0 0 0 1 0 1
0.0364612691439698 0 1 0 0 0 1 0 0 0 1 0 0 1 0 1
0.0437913829227268 0 0 1 0 0 1 0 0 0 1 0 0 1 0 1
0.0547184503606878 0 0 0 1 0 1 0 0 0 1 0 0 1 0 1
0.0688578718897043 0 0 0 0 1 1 0 0 0 1 0 0 1 0 1
0.0327512651416365 0 1 0 0 0 0 1 0 0 1 0 0 1 0 1
0.0393659981092593 0 0 1 0 0 0 1 0 0 1 0 0 1 0 1
0.0492456888989718 0 0 0 1 0 0 1 0 0 1 0 0 1 0 1
0.0620637813640197 0 0 0 0 1 0 1 0 0 1 0 0 1 0 1
0.0343105482539646 0 1 0 0 0 0 0 1 0 1 0 0 1 0 1
0.0412267846965602 0 0 1 0 0 0 0 1 0 1 0 0 1 0 1
0.0515484176815036 0 0 0 1 0 0 0 1 0 1 0 0 1 0 1
0.0649249542863066 0 0 0 0 1 0 0 1 0 1 0 0 1 0 1
0.0377289843928763 0 1 0 0 0 0 0 0 1 1 0 0 1 0 1
0.0453019750348348 0 0 1 0 0 0 0 0 1 1 0 0 1 0 1
0.056583668831914 0 0 0 1 0 0 0 0 1 1 0 0 1 0 1
0.0711687813389449 0 0 0 0 1 0 0 0 1 1 0 0 1 0 1
0.0446903805876564 0 1 0 0 0 1 0 0 0 0 1 0 1 0 1
0.0535828612770741 0 0 1 0 0 1 0 0 0 0 1 0 1 0 1
0.0667825153513417 0 0 0 1 0 1 0 0 0 0 1 0 1 0 1
0.0837630918698799 0 0 0 0 1 1 0 0 0 0 1 0 1 0 1
0.0401779639075792 0 1 0 0 0 0 1 0 0 0 1 0 1 0 1
0.0482178842439729 0 0 1 0 0 0 1 0 0 0 1 0 1 0 1
0.0601799623034456 0 0 0 1 0 0 1 0 0 0 1 0 1 0 1
0.0756177612279108 0 0 0 0 1 0 1 0 0 0 1 0 1 0 1
0.0420754501451942 0 1 0 0 0 0 0 1 0 0 1 0 1 0 1
0.0504751043643222 0 0 1 0 0 0 0 1 0 0 1 0 1 0 1
0.062960119757935 0 0 0 1 0 0 0 1 0 0 1 0 1 0 1
0.079051116521429 0 0 0 0 1 0 0 1 0 0 1 0 1 0 1
0.0462304844807275 0 1 0 0 0 0 0 0 1 0 1 0 1 0 1
0.0554116394043304 0 0 1 0 0 0 0 0 1 0 1 0 1 0 1
0.0690289380693898 0 0 0 1 0 0 0 0 1 0 1 0 1 0 1
0.0865277446125752 0 0 0 0 1 0 0 0 1 0 1 0 1 0 1
0.0451382397582778 0 1 0 0 0 1 0 0 0 0 0 1 1 0 1
0.0541147873201884 0 0 1 0 0 1 0 0 0 0 0 1 1 0 1
0.0674361397734206 0 0 0 1 0 1 0 0 0 0 0 1 1 0 1
0.0845678507491242 0 0 0 0 1 1 0 0 0 0 0 1 1 0 1
0.0405825234659459 0 1 0 0 0 0 1 0 0 0 0 1 1 0 1
0.0486992917828886 0 0 1 0 0 0 1 0 0 0 0 1 1 0 1
0.0607731734691614 0 0 0 1 0 0 1 0 0 0 0 1 1 0 1
0.0763507845592844 0 0 0 0 1 0 1 0 0 0 0 1 1 0 1
0.0424982698857298 0 1 0 0 0 0 0 1 0 0 0 1 1 0 1
0.0509778409550075 0 0 1 0 0 0 0 1 0 0 0 1 1 0 1
0.0635788817967957 0 0 0 1 0 0 0 1 0 0 0 1 1 0 1
0.0798145483950707 0 0 0 0 1 0 0 1 0 0 0 1 1 0 1
0.0466930232422038 0 1 0 0 0 0 0 0 1 0 0 1 1 0 1
0.0559606465728089 0 0 1 0 0 0 0 0 1 0 0 1 1 0 1
0.0697029068399956 0 0 0 1 0 0 0 0 1 0 0 1 1 0 1
0.0873565326049309 0 0 0 0 1 0 0 0 1 0 0 1 1 0 1
0.0582355582766692 0 1 0 0 0 1 0 0 0 0 0 0 0 1 1
0.0696268168033149 0 0 1 0 0 1 0 0 0 0 0 0 0 1 1
0.0864178692732239 0 0 0 1 0 1 0 0 0 0 0 0 0 1 1
0.107814269040199 0 0 0 0 1 1 0 0 0 0 0 0 0 1 1
0.0524305382099356 0 1 0 0 0 0 1 0 0 0 0 0 0 1 1
0.0627619696904994 0 0 1 0 0 0 1 0 0 0 0 0 0 1 1
0.0780363688731919 0 0 0 1 0 0 1 0 0 0 0 0 0 1 1
0.0975792240895222 0 0 0 0 1 0 1 0 0 0 0 0 0 1 1
0.05487359531895 0 1 0 0 0 0 0 1 0 0 0 0 0 1 1
0.0656530764663646 0 0 1 0 0 0 0 1 0 0 0 0 0 1 1
0.081569848508285 0 0 0 1 0 0 0 1 0 0 0 0 0 1 1
0.101899799212494 0 0 0 0 1 0 0 1 0 0 0 0 0 1 1
0.0602130295846615 0 1 0 0 0 0 0 0 1 0 0 0 0 1 1
0.0719615380972699 0 0 1 0 0 0 0 0 1 0 0 0 0 1 1
0.0892616082248634 0 0 0 1 0 0 0 0 1 0 0 0 0 1 1
0.111276336412217 0 0 0 0 1 0 0 0 1 0 0 0 0 1 1
0.0518827160456076 0 1 0 0 0 1 0 0 0 1 0 0 0 1 1
0.0621132752538791 0 0 1 0 0 1 0 0 0 1 0 0 0 1 1
0.0772428126362124 0 0 0 1 0 1 0 0 0 1 0 0 0 1 1
0.0966077595866909 0 0 0 0 1 1 0 0 0 1 0 0 0 1 1
0.0466795698369479 0 1 0 0 0 0 1 0 0 1 0 0 0 1 1
0.0559446796399911 0 0 1 0 0 0 1 0 0 1 0 0 0 1 1
0.0696833083309719 0 0 0 1 0 0 1 0 0 1 0 0 0 1 1
0.0873324363619687 0 0 0 0 1 0 1 0 0 1 0 0 0 1 1
0.0488684744111484 0 1 0 0 0 0 0 1 0 1 0 0 0 1 1
0.0585413656662999 0 0 1 0 0 0 0 1 0 1 0 0 0 1 1
0.0728684556620592 0 0 0 1 0 0 0 1 0 1 0 0 0 1 1
0.0912451828370914 0 0 0 0 1 0 0 1 0 1 0 0 0 1 1
0.0536567581230653 0 1 0 0 0 0 0 0 1 1 0 0 0 1 1
0.0642134419199268 0 0 1 0 0 0 0 0 1 1 0 0 0 1 1
0.0798110055435265 0 0 0 1 0 0 0 0 1 1 0 0 0 1 1
0.0997502037560355 0 0 0 0 1 0 0 0 1 1 0 0 0 1 1
0.0633634803643452 0 1 0 0 0 1 0 0 0 0 1 0 0 1 1
0.0756771918739667 0 0 1 0 0 1 0 0 0 0 1 0 0 1 1
0.0937802650109746 0 0 0 1 0 1 0 0 0 0 1 0 0 1 1
0.116766552760948 0 0 0 0 1 1 0 0 0 0 1 0 0 1 1
0.0570782805431153 0 1 0 0 0 0 1 0 0 0 1 0 0 1 1
0.0682595754253132 0 0 1 0 0 0 1 0 0 0 1 0 0 1 1
0.084750942357987 0 0 0 1 0 0 1 0 0 0 1 0 0 1 1
0.105782411921036 0 0 0 0 1 0 1 0 0 0 1 0 0 1 1
0.0597242542374418 0 1 0 0 0 0 0 1 0 0 1 0 0 1 1
0.0713846389713842 0 0 1 0 0 0 0 1 0 0 1 0 0 1 1
0.0885592531453272 0 0 0 1 0 0 0 1 0 0 1 0 0 1 1
0.110421760692002 0 0 0 0 1 0 0 1 0 0 1 0 0 1 1
0.0655029665119869 0 1 0 0 0 0 0 0 1 0 1 0 0 1 1
0.0781977418008854 0 0 1 0 0 0 0 0 1 0 1 0 0 1 1
0.0968405959447242 0 0 0 1 0 0 0 0 1 0 1 0 0 1 1
0.120477271641074 0 0 0 0 1 0 0 0 1 0 1 0 0 1 1
0.0639859358734253 0 1 0 0 0 1 0 0 0 0 0 1 0 1 1
0.0764107436920806 0 0 1 0 0 1 0 0 0 0 0 1 0 1 1
0.0946713202975639 0 0 0 1 0 1 0 0 0 0 0 1 0 1 1
0.117847610750265 0 0 0 0 1 1 0 0 0 0 0 1 0 1 1
0.0576427927730305 0 1 0 0 0 0 1 0 0 0 0 1 0 1 1
0.0689265886188548 0 0 1 0 0 0 1 0 0 0 0 1 0 1 1
0.0855643057523234 0 0 0 1 0 0 1 0 0 0 0 1 0 1 1
0.106774069429003 0 0 0 0 1 0 1 0 0 0 0 1 0 1 1
0.0603132616364083 0 1 0 0 0 0 0 1 0 0 0 1 0 1 1
0.0720798270256372 0 0 1 0 0 0 0 1 0 0 0 1 0 1 1
0.0894055950409248 0 0 0 1 0 0 0 1 0 0 0 1 0 1 1
0.111451489180523 0 0 0 0 1 0 0 1 0 0 0 1 0 1 1
0.066144955169495 0 1 0 0 0 0 0 0 1 0 0 1 0 1 1
0.0789536387975422 0 0 1 0 0 0 0 0 1 0 0 1 0 1 1
0.0977575922938279 0 0 0 1 0 0 0 0 1 0 0 1 0 1 1
0.121587955148524 0 0 0 0 1 0 0 0 1 0 0 1 0 1 1
0.0541894636113848 0 1 0 0 0 1 0 0 0 0 0 0 1 1 1
0.0648437729877708 0 0 1 0 0 1 0 0 0 0 0 0 1 1 1
0.0805812609005867 0 0 0 1 0 1 0 0 0 0 0 0 1 1 1
0.100691835133354 0 0 0 0 1 1 0 0 0 0 0 0 1 1 1
0.0487668801952904 0 1 0 0 0 0 1 0 0 0 0 0 1 1 1
0.058420897333774 0 0 1 0 0 0 1 0 0 0 0 0 1 1 1
0.072720781902921 0 0 0 1 0 0 1 0 0 0 0 0 1 1 1
0.0910639251121786 0 0 0 0 1 0 1 0 0 0 0 0 1 1 1
0.0510484220070067 0 1 0 0 0 0 0 1 0 0 0 0 1 1 1
0.0611250759239623 0 0 1 0 0 0 0 1 0 0 0 0 1 1 1
0.076033421652788 0 0 0 1 0 0 0 1 0 0 0 0 1 1 1
0.0951264279445501 0 0 0 0 1 0 0 1 0 0 0 0 1 1 1
0.0560377191713169 0 1 0 0 0 0 0 0 1 0 0 0 1 1 1
0.0670296646825744 0 0 1 0 0 0 0 0 1 0 0 0 1 1 1
0.0832504374358305 0 0 0 1 0 0 0 0 1 0 0 0 1 1 1
0.103951839163554 0 0 0 0 1 0 0 0 1 0 0 0 1 1 1
0.0482553884615314 0 1 0 0 0 1 0 0 0 1 0 0 1 1 1
0.0578143035576391 0 0 1 0 0 1 0 0 0 1 0 0 1 1 1
0.0719770601721316 0 0 0 1 0 1 0 0 0 1 0 0 1 1 1
0.0901508447936206 0 0 0 0 1 1 0 0 0 1 0 0 1 1 1
0.0433993635293178 0 1 0 0 0 0 1 0 0 1 0 0 1 1 1
0.0520489541232372 0 0 1 0 0 0 1 0 0 1 0 0 1 1 1
0.0648966544984158 0 0 0 1 0 0 1 0 0 1 0 0 1 1 1
0.0814395650120776 0 0 0 0 1 0 1 0 0 1 0 0 1 1 1
0.0454417841529912 0 1 0 0 0 0 0 1 0 1 0 0 1 1 1
0.0544752530937452 0 0 1 0 0 0 0 1 0 1 0 0 1 1 1
0.0678789729861226 0 0 0 1 0 0 0 1 0 1 0 0 1 1 1
0.0851129153386024 0 0 0 0 1 0 0 1 0 1 0 0 1 1 1
0.0499119295376607 0 1 0 0 0 0 0 0 1 1 0 0 1 1 1
0.0597783785256582 0 0 1 0 0 0 0 0 1 1 0 0 1 1 1
0.0743842888583554 0 0 0 1 0 0 0 0 1 1 0 0 1 1 1
0.0931049052682774 0 0 0 0 1 0 0 0 1 1 0 0 1 1 1
0.0589834215000095 0 1 0 0 0 1 0 0 0 0 1 0 1 1 1
0.0705100144732674 0 0 1 0 0 1 0 0 0 0 1 0 1 1 1
0.0874940270020911 0 0 0 1 0 1 0 0 0 0 1 0 1 1 1
0.109125048568678 0 0 0 0 1 1 0 0 0 0 1 0 1 1 1
0.0531080570808591 0 1 0 0 0 0 1 0 0 0 1 0 1 1 1
0.0635640379081049 0 0 1 0 0 0 1 0 0 0 1 0 1 1 1
0.0790171796772337 0 0 0 1 0 0 1 0 0 0 1 0 1 1 1
0.0987793454235229 0 0 0 0 1 0 1 0 0 0 1 0 1 1 1
0.0555808321476932 0 1 0 0 0 0 0 1 0 0 1 0 1 1 1
0.0664894705684363 0 0 1 0 0 0 0 1 0 0 1 0 1 1 1
0.0825910919196432 0 0 0 1 0 0 0 1 0 0 1 0 1 1 1
0.10314698530592 0 0 0 0 1 0 0 1 0 0 1 0 1 1 1
0.0609846431124527 0 1 0 0 0 0 0 0 1 0 1 0 1 1 1
0.0728720314490094 0 0 1 0 0 0 0 0 1 0 1 0 1 1 1
0.0903696759268091 0 0 0 1 0 0 0 0 1 0 1 0 1 1 1
0.112623893611373 0 0 0 0 1 0 0 0 1 0 1 0 1 1 1
0.059565585561568 0 1 0 0 0 1 0 0 0 0 0 1 1 1 1
0.0711973379406139 0 0 1 0 0 1 0 0 0 0 0 1 1 1 1
0.0883311753544552 0 0 0 1 0 1 0 0 0 0 0 1 1 1 1
0.110144181913307 0 0 0 0 1 1 0 0 0 0 0 1 1 1 1
0.0536355367853232 0 1 0 0 0 0 1 0 0 0 0 1 1 1 1
0.0641883285895171 0 0 1 0 0 0 1 0 0 0 0 1 1 1 1
0.0797803121995079 0 0 0 1 0 0 1 0 0 0 0 1 1 1 1
0.0997126732144036 0 0 0 0 1 0 1 0 0 0 0 1 1 1 1
0.056131416028795 0 1 0 0 0 0 0 1 0 0 0 1 1 1 1
0.0671404332043938 0 0 1 0 0 0 0 1 0 0 0 1 1 1 1
0.083385615504163 0 0 0 1 0 0 0 1 0 0 0 1 1 1 1
0.10411681358238 0 0 0 0 1 0 0 1 0 0 0 1 1 1 1
0.0615852664755703 0 1 0 0 0 0 0 0 1 0 0 1 1 1 1
0.0735805568991935 0 0 1 0 0 0 0 0 1 0 0 1 1 1 1
0.0912315878031287 0 0 0 1 0 0 0 0 1 0 0 1 1 1 1
0.113671533805553 0 0 0 0 1 0 0 0 1 0 0 1 1 1 1
