Pr Age0-18 Age18-50 Age50-64 Age65-79 Age80+ ObesityBMI<25 ObesityBMI25-30 ObesityBMI30-35 ObesityBMI>35 RaceBlack RaceAsian RaceHispanic SexMale SmokingYes ComorbidityYes
0 1 0 0 0 0 0 0 0 0 0 0 0 0 0 0
0.202 0 1 0 0 0 1 0 0 0 0 0 0 0 0 0
0.223587697702485 0 0 1 0 0 1 0 0 0 0 0 0 0 0 0
0.226358196073728 0 0 0 1 0 1 0 0 0 0 0 0 0 0 0
0.217642660894348 0 0 0 0 1 1 0 0 0 0 0 0 0 0 0
0.211426382644958 0 1 0 0 0 0 1 0 0 0 0 0 0 0 0
0.233726419555419 0 0 1 0 0 0 1 0 0 0 0 0 0 0 0
0.236584266583533 0 0 0 1 0 0 1 0 0 0 0 0 0 0 0
0.22759082415164 0 0 0 0 1 0 1 0 0 0 0 0 0 0 0
0.215586641273389 0 1 0 0 0 0 0 1 0 0 0 0 0 0 0
0.238192936345018 0 0 1 0 0 0 0 1 0 0 0 0 0 0 0
0.24108821415574 0 0 0 1 0 0 0 1 0 0 0 0 0 0 0
0.231975585329893 0 0 0 0 1 0 0 1 0 0 0 0 0 0 0
0.230562424246852 0 1 0 0 0 0 0 0 1 0 0 0 0 0 0
0.254230116911282 0 0 1 0 0 0 0 0 1 0 0 0 0 0 0
0.257254502023213 0 0 0 1 0 0 0 0 1 0 0 0 0 0 0
0.247730286017047 0 0 0 0 1 0 0 0 1 0 0 0 0 0 0
0.210431462512867 0 1 0 0 0 1 0 0 0 1 0 0 0 0 0
0.232657521586712 0 0 1 0 0 1 0 0 0 1 0 0 0 0 0
0.235506315715272 0 0 0 1 0 1 0 0 0 1 0 0 0 0 0
0.226541690389573 0 0 0 0 1 1 0 0 0 1 0 0 0 0 0
0.220142759477378 0 1 0 0 0 0 1 0 0 1 0 0 0 0 0
0.24307875787957 0 0 1 0 0 0 1 0 0 1 0 0 0 0 0
0.246014245244553 0 0 0 1 0 0 1 0 0 1 0 0 0 0 0
0.236773513483773 0 0 0 0 1 0 1 0 0 1 0 0 0 0 0
0.224425719042952 0 1 0 0 0 0 0 1 0 1 0 0 0 0 0
0.24766623311191 0 0 1 0 0 0 0 1 0 1 0 0 0 0 0
0.250638775674472 0 0 0 1 0 0 0 1 0 1 0 0 0 0 0
0.241279925157598 0 0 0 0 1 0 0 1 0 1 0 0 0 0 0
0.239827782843066 0 1 0 0 0 0 0 0 1 1 0 0 0 0 0
0.264120102213174 0 0 1 0 0 0 0 0 1 1 0 0 0 0 0
0.267219984052857 0 0 0 1 0 0 0 0 1 1 0 0 0 0 0
0.257454707251494 0 0 0 0 1 0 0 0 1 1 0 0 0 0 0
0.216814616288972 0 1 0 0 0 1 0 0 0 0 1 0 0 0 0
0.239510359496311 0 0 1 0 0 1 0 0 0 0 1 0 0 0 0
0.242416555120462 0 0 0 1 0 1 0 0 0 0 1 0 0 0 0
0.233269150540727 0 0 0 0 1 1 0 0 0 0 1 0 0 0 0
0.226735899720873 0 1 0 0 0 0 1 0 0 0 1 0 0 0 0
0.250138488519747 0 0 1 0 0 0 1 0 0 0 1 0 0 0 0
0.253130719974972 0 0 0 1 0 0 1 0 0 0 1 0 0 0 0
0.243709081954531 0 0 0 0 1 0 1 0 0 0 1 0 0 0 0
0.231109118141609 0 1 0 0 0 0 0 1 0 0 1 0 0 0 0
0.254814345044658 0 0 1 0 0 0 0 1 0 0 1 0 0 0 0
0.257843277337362 0 0 0 1 0 0 0 1 0 0 1 0 0 0 0
0.248304550568248 0 0 0 0 1 0 0 1 0 0 1 0 0 0 0
0.246823884184336 0 1 0 0 0 0 0 0 1 0 1 0 0 0 0
0.271571681682481 0 0 1 0 0 0 0 0 1 0 1 0 0 0 0
0.274726369838961 0 0 0 1 0 0 0 0 1 0 1 0 0 0 0
0.264785901437282 0 0 0 0 1 0 0 0 1 0 1 0 0 0 0
0.194710694007117 0 1 0 0 0 1 0 0 0 0 0 1 0 0 0
0.215729980442432 0 0 1 0 0 1 0 0 0 0 0 1 0 0 0
0.218430505246231 0 0 0 1 0 1 0 0 0 0 0 1 0 0 0
0.209937380960042 0 0 0 0 1 1 0 0 0 0 0 1 0 0 0
0.20388382728973 0 1 0 0 0 0 1 0 0 0 0 1 0 0 0
0.225615929479824 0 0 1 0 0 0 1 0 0 0 0 1 0 0 0
0.228404166566869 0 0 0 1 0 0 1 0 0 0 0 1 0 0 0
0.21963221899074 0 0 0 0 1 0 1 0 0 0 0 1 0 0 0
0.207934805216202 0 1 0 0 0 0 0 1 0 0 0 1 0 0 0
0.229973970711989 0 0 1 0 0 0 0 1 0 0 0 1 0 0 0
0.232799874782954 0 0 0 1 0 0 0 1 0 0 0 1 0 0 0
0.223908097635908 0 0 0 0 1 0 0 1 0 0 0 1 0 0 0
0.222529842795943 0 1 0 0 0 0 0 0 1 0 0 1 0 0 0
0.245636208676214 0 0 1 0 0 0 0 0 1 0 0 1 0 0 0
0.248592437271826 0 0 0 1 0 0 0 0 1 0 0 1 0 0 0
0.239285597737677 0 0 0 0 1 0 0 0 1 0 0 1 0 0 0
0.223894699532118 0 1 0 0 0 1 0 0 0 0 0 0 1 0 0
0.247097743411073 0 0 1 0 0 1 0 0 0 0 0 0 1 0 0
0.250065730758734 0 0 0 1 0 1 0 0 0 0 0 0 1 0 0
0.240721404101866 0 0 0 0 1 1 0 0 0 0 0 0 1 0 0
0.234043146143977 0 1 0 0 0 0 1 0 0 0 0 0 1 0 0
0.257948358602388 0 0 1 0 0 0 1 0 0 0 0 0 1 0 0
0.261001496316788 0 0 0 1 0 0 1 0 0 0 0 0 1 0 0
0.251385508553708 0 0 0 0 1 0 1 0 0 0 0 0 1 0 0
0.238513831609172 0 1 0 0 0 0 0 1 0 0 0 0 1 0 0
0.262719056838692 0 0 1 0 0 0 0 1 0 0 0 0 1 0 0
0.265808434723884 0 0 0 1 0 0 0 1 0 0 0 0 1 0 0
0.256076715161934 0 0 0 0 1 0 0 1 0 0 0 0 1 0 0
0.254565397920952 0 1 0 0 0 0 0 0 1 0 0 0 1 0 0
0.279801042943532 0 0 1 0 0 0 0 0 1 0 0 0 1 0 0
0.283014185237092 0 0 0 1 0 0 0 0 1 0 0 0 1 0 0
0.272886668105712 0 0 0 0 1 0 0 0 1 0 0 0 1 0 0
0.232973240081392 0 1 0 0 0 1 0 0 0 1 0 0 1 0 0
0.256805811063852 0 0 1 0 0 1 0 0 0 1 0 0 1 0 0
0.259850160934761 0 0 0 1 0 1 0 0 0 1 0 0 1 0 0
0.250262226459889 0 0 0 0 1 1 0 0 0 1 0 0 1 0 0
0.243404132282128 0 1 0 0 0 0 1 0 0 1 0 0 1 0 0
0.267931023235157 0 0 1 0 0 0 1 0 0 1 0 0 1 0 0
0.271059157269541 0 0 0 1 0 0 1 0 0 1 0 0 1 0 0
0.261203592100964 0 0 0 0 1 0 1 0 0 1 0 0 1 0 0
0.247995736217359 0 1 0 0 0 0 0 1 0 1 0 0 1 0 0
0.272818469682788 0 0 1 0 0 0 0 1 0 1 0 0 1 0 0
0.275982153740062 0 0 0 1 0 0 0 1 0 1 0 0 1 0 0
0.266012912757128 0 0 0 0 1 0 0 1 0 1 0 0 1 0 0
0.264463800935824 0 1 0 0 0 0 0 0 1 1 0 0 1 0 0
0.290298563240983 0 0 1 0 0 0 0 0 1 1 0 0 1 0 0
0.293583114352448 0 0 0 1 0 0 0 0 1 1 0 0 1 0 0
0.283226793161829 0 0 0 0 1 0 0 0 1 1 0 0 1 0 0
0.239832470845907 0 1 0 0 0 1 0 0 0 0 1 0 1 0 0
0.264125100077996 0 0 1 0 0 1 0 0 0 0 1 0 1 0 0
0.267225019274885 0 0 0 1 0 1 0 0 0 0 1 0 1 0 0
0.257459623116746 0 0 0 0 1 1 0 0 0 0 1 0 1 0 0
0.250470185749234 0 1 0 0 0 0 1 0 0 0 1 0 1 0 0
0.275449874578271 0 0 1 0 0 0 1 0 0 0 1 0 1 0 0
0.278632381001521 0 0 0 1 0 0 1 0 0 0 1 0 1 0 0
0.268602922591073 0 0 0 0 1 0 1 0 0 0 1 0 1 0 0
0.255150132933693 0 1 0 0 0 0 0 1 0 0 1 0 1 0 0
0.280421938035216 0 0 1 0 0 0 0 1 0 0 1 0 1 0 0
0.283639402379564 0 0 0 1 0 0 0 1 0 0 1 0 1 0 0
0.273498046502045 0 0 0 0 1 0 0 1 0 0 1 0 1 0 0
0.271921494003509 0 1 0 0 0 0 0 0 1 0 1 0 1 0 0
0.298189432530309 0 0 1 0 0 0 0 0 1 0 1 0 1 0 0
0.301525332155755 0 0 0 1 0 0 0 0 1 0 1 0 1 0 0
0.291004257387673 0 0 0 0 1 0 0 0 1 0 1 0 1 0 0
0.216029195058521 0 1 0 0 0 1 0 0 0 0 0 1 1 0 0
0.238667776472887 0 0 1 0 0 1 0 0 0 0 0 1 1 0 0
0.241566995838503 0 0 0 1 0 1 0 0 0 0 0 1 1 0 0
0.232441812856197 0 0 0 0 1 1 0 0 0 0 0 1 1 0 0
0.225924905847995 0 1 0 0 0 0 1 0 0 0 0 1 1 0 0
0.249270771659415 0 0 1 0 0 0 1 0 0 0 0 1 1 0 0
0.252256115057874 0 0 0 1 0 0 1 0 0 0 0 1 1 0 0
0.242856445035136 0 0 0 0 1 0 1 0 0 0 0 1 1 0 0
0.23028714048415 0 1 0 0 0 0 0 1 0 0 0 1 1 0 0
0.253935900791966 0 0 1 0 0 0 0 1 0 0 0 1 1 0 0
0.256957991797907 0 0 0 1 0 0 0 1 0 0 0 1 1 0 0
0.24744109624694 0 0 0 0 1 0 0 1 0 0 0 1 1 0 0
0.245963893959965 0 1 0 0 0 0 0 0 1 0 0 1 1 0 0
0.270656450479413 0 0 1 0 0 0 0 0 1 0 0 1 1 0 0
0.27380450322024 0 0 0 1 0 0 0 0 1 0 0 1 1 0 0
0.263885254524047 0 0 0 0 1 0 0 0 1 0 0 1 1 0 0
0.197248772955304 0 1 0 0 0 1 0 0 0 0 0 0 0 1 0
0.218467717723879 0 0 1 0 0 1 0 0 0 0 0 0 0 1 0
0.221192848002116 0 0 0 1 0 1 0 0 0 0 0 0 0 1 0
0.2126215363292 0 0 0 0 1 1 0 0 0 0 0 0 0 1 0
0.206510815557187 0 1 0 0 0 0 1 0 0 0 0 0 0 1 0
0.228442581550104 0 0 1 0 0 0 1 0 0 0 0 0 0 1 0
0.231255319347582 0 0 0 1 0 0 1 0 0 0 0 0 0 1 0
0.222405434435311 0 0 0 0 1 0 1 0 0 0 0 0 0 1 0
0.210600181665778 0 1 0 0 0 0 0 1 0 0 0 0 0 1 0
0.232838805978737 0 0 1 0 0 0 0 1 0 0 0 0 0 1 0
0.235689138062512 0 0 0 1 0 0 0 1 0 0 0 0 0 1 0
0.226719617374742 0 0 0 0 1 0 0 1 0 0 0 0 0 1 0
0.225329081008919 0 1 0 0 0 0 0 0 1 0 0 0 0 1 0
0.248633153572716 0 0 1 0 0 0 0 0 1 0 0 0 0 1 0
0.251613420036624 0 0 0 1 0 0 0 0 1 0 0 0 0 1 0
0.242229940359158 0 0 0 0 1 0 0 0 1 0 0 0 0 1 0
0.205532997910815 0 1 0 0 0 1 0 0 0 1 0 0 0 1 0
0.227390677302751 0 0 1 0 0 1 0 0 0 1 0 0 0 1 0
0.23019432750886 0 0 0 1 0 1 0 0 0 1 0 0 0 1 0
0.221373353246565 0 0 0 0 1 1 0 0 0 1 0 0 0 1 0
0.215079812938958 0 1 0 0 0 0 1 0 0 1 0 0 0 1 0
0.237649063522549 0 0 1 0 0 0 1 0 0 1 0 0 0 1 0
0.240539817837771 0 0 0 1 0 0 1 0 0 1 0 0 0 1 0
0.231441595855949 0 0 0 0 1 0 1 0 0 1 0 0 0 1 0
0.219291969124664 0 1 0 0 0 0 0 1 0 1 0 0 0 1 0
0.242166851802263 0 0 1 0 0 0 0 1 0 1 0 0 0 1 0
0.245094892614607 0 0 0 1 0 0 0 1 0 1 0 0 0 1 0
0.235877890172856 0 0 0 0 1 0 0 1 0 1 0 0 0 1 0
0.234448213579131 0 1 0 0 0 0 0 0 1 1 0 0 0 1 0
0.258380843091826 0 0 1 0 0 0 0 0 1 1 0 0 0 1 0
0.261437296288887 0 0 0 1 0 0 0 0 1 1 0 0 0 1 0
0.251810723524145 0 0 0 0 1 0 0 0 1 1 0 0 0 1 0
0.211807423265724 0 1 0 0 0 1 0 0 0 0 1 0 0 1 0
0.234135717325423 0 0 1 0 0 1 0 0 0 0 1 0 0 1 0
0.23699702111458 0 0 0 1 0 1 0 0 0 0 1 0 0 1 0
0.22799257424147 0 0 0 0 1 1 0 0 0 0 1 0 0 1 0
0.221564401090262 0 1 0 0 0 0 1 0 0 0 1 0 0 1 0
0.244602059266981 0 0 1 0 0 0 1 0 0 0 1 0 0 1 0
0.247549926124328 0 0 0 1 0 0 1 0 0 0 1 0 0 1 0
0.238269740043542 0 0 0 0 1 0 1 0 0 0 1 0 0 1 0
0.225867008580945 0 1 0 0 0 0 0 1 0 0 1 0 0 1 0
0.249208817723917 0 0 1 0 0 0 0 1 0 0 1 0 0 1 0
0.252193668397315 0 0 0 1 0 0 0 1 0 0 1 0 0 1 0
0.242795569729103 0 0 0 0 1 0 0 1 0 0 1 0 0 1 0
0.241337207050158 0 1 0 0 0 0 0 0 1 0 1 0 0 1 0
0.265728971947707 0 0 1 0 0 0 0 0 1 0 1 0 0 1 0
0.268840838036533 0 0 0 1 0 0 0 0 1 0 1 0 0 1 0
0.25903726743422 0 0 0 0 1 0 0 0 1 0 1 0 0 1 0
0.190090077115219 0 1 0 0 0 1 0 0 0 0 0 1 0 1 0
0.210741096156038 0 0 1 0 0 1 0 0 0 0 0 1 0 1 0
0.213396162403531 0 0 0 1 0 1 0 0 0 0 0 1 0 1 0
0.205047430841391 0 0 0 0 1 1 0 0 0 0 0 1 0 1 0
0.199099345976854 0 1 0 0 0 0 1 0 0 0 0 1 0 1 0
0.22046269266261 0 0 1 0 0 0 1 0 0 0 0 1 0 1 0
0.223205600777128 0 0 0 1 0 0 1 0 0 0 0 1 0 1 0
0.214577783386225 0 0 0 0 1 0 1 0 0 0 0 1 0 1 0
0.203079510240569 0 1 0 0 0 0 0 1 0 0 0 1 0 1 0
0.224750082808122 0 0 1 0 0 0 0 1 0 0 0 1 0 1 0
0.227530763487778 0 0 0 1 0 0 0 1 0 0 0 1 0 1 0
0.218782848197779 0 0 0 0 1 0 0 1 0 0 0 1 0 1 0
0.217427303127675 0 1 0 0 0 0 0 0 1 0 0 1 0 1 0
0.240167513961778 0 0 1 0 0 0 0 0 1 0 0 1 0 1 0
0.243079134713381 0 0 0 1 0 0 0 0 1 0 0 1 0 1 0
0.233914447892708 0 0 0 0 1 0 0 0 1 0 0 1 0 1 0
0.218769670326667 0 1 0 0 0 1 0 0 0 0 0 0 1 1 0
0.241606931449013 0 0 1 0 0 1 0 0 0 0 0 0 1 1 0
0.244530386740351 0 0 0 1 0 1 0 0 0 0 0 0 1 1 0
0.2353279953529 0 0 0 0 1 1 0 0 0 0 0 0 1 1 0
0.228754285448164 0 1 0 0 0 0 1 0 0 0 0 0 1 1 0
0.252297229941673 0 0 1 0 0 0 1 0 0 0 0 0 1 1 0
0.255306492737652 0 0 0 1 0 0 1 0 0 0 0 0 1 1 0
0.24583052695491 0 0 0 0 1 0 1 0 0 0 0 0 1 1 0
0.233154695730307 0 1 0 0 0 0 0 1 0 0 0 0 1 1 0
0.256999609638845 0 0 1 0 0 0 0 1 0 0 0 0 1 1 0
0.260045453056558 0 0 0 1 0 0 0 1 0 0 0 0 1 1 0
0.250452751038195 0 0 0 0 1 0 0 1 0 0 0 0 1 1 0
0.248963517395308 0 1 0 0 0 0 0 0 1 0 0 0 1 1 0
0.273847843987204 0 0 1 0 0 0 0 0 1 0 0 0 1 1 0
0.277018917615773 0 0 0 1 0 0 0 0 1 0 0 0 1 1 0
0.267026038123013 0 0 0 0 1 0 0 0 1 0 0 0 1 1 0
0.227701369488361 0 1 0 0 0 1 0 0 0 1 0 0 1 1 0
0.251171240799253 0 0 1 0 0 1 0 0 0 1 0 0 1 1 0
0.254171638826718 0 0 0 1 0 1 0 0 0 1 0 0 1 1 0
0.244723952273635 0 0 0 0 1 1 0 0 0 1 0 0 1 1 0
0.237969454957349 0 1 0 0 0 0 1 0 0 1 0 0 1 1 0
0.262138452876053 0 0 1 0 0 0 1 0 0 1 0 0 1 1 0
0.265223459353362 0 0 0 1 0 0 1 0 0 1 0 0 1 1 0
0.255505703462752 0 0 0 0 1 0 1 0 0 1 0 0 1 1 0
0.2424913966178 0 1 0 0 0 0 0 1 0 1 0 0 1 1 0
0.26695876661089 0 0 1 0 0 0 0 1 0 1 0 0 1 1 0
0.270079737180676 0 0 0 1 0 0 0 1 0 1 0 0 1 1 0
0.260247069263752 0 0 0 0 1 0 0 1 0 1 0 0 1 1 0
0.258719699092173 0 1 0 0 0 0 0 0 1 1 0 0 1 1 0
0.284210153716044 0 0 1 0 0 0 0 0 1 1 0 0 1 1 0
0.287453719668867 0 0 0 1 0 0 0 0 1 1 0 0 1 1 0
0.277228763169118 0 0 0 0 1 0 0 0 1 1 0 0 1 1 0
0.234452828857952 0 1 0 0 0 1 0 0 0 0 1 0 1 1 0
0.258385770487345 0 0 1 0 0 1 0 0 0 0 1 0 1 1 0
0.261442261423823 0 0 0 1 0 1 0 0 0 0 1 0 1 1 0
0.251815568169015 0 0 0 0 1 1 0 0 0 0 1 0 1 1 0
0.244928812894342 0 1 0 0 0 0 1 0 0 0 1 0 1 1 0
0.269554603604264 0 0 1 0 0 0 1 0 0 0 1 0 1 1 0
0.272694632266974 0 0 0 1 0 0 1 0 0 0 1 0 1 1 0
0.262801040694017 0 0 0 0 1 0 1 0 0 0 1 0 1 1 0
0.249539692409873 0 1 0 0 0 0 0 1 0 0 1 0 1 1 0
0.274460562966538 0 0 1 0 0 0 0 1 0 0 1 0 1 1 0
0.277636018962412 0 0 0 1 0 0 0 1 0 0 1 0 1 1 0
0.267629119147396 0 0 0 0 1 0 0 1 0 0 1 0 1 1 0
0.266074007293147 0 1 0 0 0 0 0 0 1 0 1 0 1 1 0
0.292003620452398 0 0 1 0 0 0 0 0 1 0 1 0 1 1 0
0.295299436176261 0 0 0 1 0 0 0 0 1 0 1 0 1 1 0
0.28490698898653 0 0 0 0 1 0 0 0 1 0 1 0 1 1 0
0.211035253193539 0 1 0 0 0 1 0 0 0 0 0 1 1 1 0
0.233306241394999 0 0 1 0 0 1 0 0 0 0 0 1 1 1 0
0.236160534162343 0 0 0 1 0 1 0 0 0 0 0 1 1 1 0
0.227178406031486 0 0 0 0 1 1 0 0 0 0 0 1 1 1 0
0.22076662370792 0 1 0 0 0 0 1 0 0 0 0 1 1 1 0
0.243747305084694 0 0 1 0 0 0 1 0 0 0 0 1 1 1 0
0.246688234757987 0 0 0 1 0 0 1 0 0 0 0 1 1 1 0
0.237430158840937 0 0 0 0 1 0 1 0 0 0 0 1 1 1 0
0.225058218032734 0 1 0 0 0 0 0 1 0 0 0 1 1 1 0
0.248343257775379 0 0 1 0 0 0 0 1 0 0 0 1 1 1 0
0.251321211665552 0 0 0 1 0 0 0 1 0 0 0 1 1 1 0
0.241945106377082 0 0 0 0 1 0 0 1 0 0 0 1 1 1 0
0.240490229619922 0 1 0 0 0 0 0 0 1 0 0 1 1 1 0
0.26482627270955 0 0 1 0 0 0 0 0 1 0 0 1 1 1 0
0.267931424958571 0 0 0 1 0 0 0 0 1 0 0 1 1 1 0
0.258149308367171 0 0 0 0 1 0 0 0 1 0 0 1 1 1 0
0.203268634801085 0 1 0 0 0 1 0 0 0 0 0 0 0 0 1
0.224953692019668 0 0 1 0 0 1 0 0 0 0 0 0 0 0 1
0.227736151806023 0 0 0 1 0 1 0 0 0 0 0 0 0 0 1
0.218982578474278 0 0 0 0 1 1 0 0 0 0 0 0 0 0 1
0.212738436207262 0 1 0 0 0 0 1 0 0 0 0 0 0 0 1
0.235135596705161 0 0 1 0 0 0 1 0 0 0 0 0 0 0 1
0.238005322392642 0 0 0 1 0 0 1 0 0 0 0 0 0 0 1
0.228974062667564 0 0 0 0 1 0 1 0 0 0 0 0 0 0 1
0.216917410506403 0 1 0 0 0 0 0 1 0 0 0 0 0 0 1
0.239620621833232 0 0 1 0 0 0 0 1 0 0 0 0 0 0 1
0.242527728696296 0 0 0 1 0 0 0 1 0 0 0 0 0 0 1
0.233377421372679 0 0 0 0 1 0 0 1 0 0 0 0 0 0 1
0.231958299690141 0 1 0 0 0 0 0 0 1 0 0 0 0 0 1
0.255721659692267 0 0 1 0 0 0 0 0 1 0 0 0 0 0 1
0.258757632066921 0 0 0 1 0 0 0 0 1 0 0 0 0 0 1
0.249196437235554 0 0 0 0 1 0 0 0 1 0 0 0 0 0 1
0.211738999703476 0 1 0 0 0 1 0 0 0 1 0 0 0 0 1
0.23406222269269 0 0 1 0 0 1 0 0 0 1 0 0 0 0 1
0.236922906173467 0 0 0 1 0 1 0 0 0 1 0 0 0 0 1
0.227920434061035 0 0 0 0 1 1 0 0 0 1 0 0 0 0 1
0.221493711319722 0 1 0 0 0 0 1 0 0 1 0 0 0 0 1
0.244526328229526 0 0 1 0 0 0 1 0 0 1 0 0 0 0 1
0.247473581402723 0 0 0 1 0 0 1 0 0 1 0 0 0 0 1
0.238195351342872 0 0 0 0 1 0 1 0 0 1 0 0 0 0 1
0.225795344251385 0 1 0 0 0 0 0 1 0 1 0 0 0 0 1
0.249132130787387 0 0 1 0 0 0 0 1 0 1 0 0 0 0 1
0.252116371391919 0 0 0 1 0 0 0 1 0 1 0 0 0 0 1
0.242720218284389 0 0 0 0 1 0 0 1 0 1 0 0 0 0 1
0.241262163998312 0 1 0 0 0 0 0 0 1 1 0 0 0 0 1
0.265649000112673 0 0 1 0 0 0 0 0 1 1 0 0 0 0 1
0.268760272466867 0 0 0 1 0 0 0 0 1 1 0 0 0 0 1
0.258958599239216 0 0 0 0 1 0 0 0 1 1 0 0 0 0 1
0.218150857486314 0 1 0 0 0 1 0 0 0 0 1 0 0 0 1
0.24094344391814 0 0 1 0 0 1 0 0 0 0 1 0 0 0 1
0.243861452458212 0 0 0 1 0 1 0 0 0 0 1 0 0 0 1
0.234676415071917 0 0 0 0 1 1 0 0 0 0 1 0 0 0 1
0.228115476762961 0 1 0 0 0 0 1 0 0 0 1 0 0 0 1
0.251614125192987 0 0 1 0 0 0 1 0 0 0 1 0 0 0 1
0.254618014856792 0 0 0 1 0 0 1 0 0 0 1 0 0 0 1
0.245159190201247 0 0 0 0 1 0 1 0 0 0 1 0 0 0 1
0.232507303238554 0 1 0 0 0 0 0 1 0 0 1 0 0 0 1
0.256308137424577 0 0 1 0 0 0 0 1 0 0 1 0 0 0 1
0.259348646344261 0 0 0 1 0 0 0 1 0 0 1 0 0 0 1
0.249772972024514 0 0 0 0 1 0 0 1 0 0 1 0 0 0 1
0.248286441527732 0 1 0 0 0 0 0 0 1 0 1 0 0 0 1
0.273127704404881 0 0 1 0 0 0 0 0 1 0 1 0 0 0 1
0.276293611942775 0 0 0 1 0 0 0 0 1 0 1 0 0 0 1
0.266317258610719 0 0 0 0 1 0 0 0 1 0 1 0 0 0 1
0.195944790197813 0 1 0 0 0 1 0 0 0 0 0 1 0 0 1
0.217061389636246 0 0 1 0 0 1 0 0 0 0 0 1 0 0 1
0.219773910663787 0 0 0 1 0 1 0 0 0 0 0 1 0 0 1
0.211242669485445 0 0 0 0 1 1 0 0 0 0 0 1 0 0 1
0.205161251506931 0 1 0 0 0 0 1 0 0 0 0 1 0 0 1
0.226990692430141 0 0 1 0 0 0 1 0 0 0 0 1 0 0 1
0.229790877746724 0 0 0 1 0 0 1 0 0 0 0 1 0 0 1
0.220980925575117 0 0 0 0 1 0 1 0 0 0 0 1 0 0 1
0.209230940087915 0 1 0 0 0 0 0 1 0 0 0 1 0 0 1
0.231367354798768 0 0 1 0 0 0 0 1 0 0 0 1 0 0 1
0.234205173039545 0 0 0 1 0 0 0 1 0 0 0 1 0 0 1
0.225275481459085 0 0 0 0 1 0 0 1 0 0 0 1 0 0 1
0.223891237900108 0 1 0 0 0 0 0 0 1 0 0 1 0 0 1
0.247094037252347 0 0 1 0 0 0 0 0 1 0 0 1 0 0 1
0.250061994869062 0 0 0 1 0 0 0 0 1 0 0 1 0 0 1
0.240717763003203 0 0 0 0 1 0 0 0 1 0 0 1 0 0 1
0.22526202528309 0 1 0 0 0 1 0 0 0 0 0 0 1 0 1
0.248561387972085 0 0 1 0 0 1 0 0 0 0 0 0 1 0 1
0.251541082194966 0 0 0 1 0 1 0 0 0 0 0 0 1 0 1
0.24215942731681 0 0 0 0 1 1 0 0 0 0 0 0 1 0 1
0.235453646128731 0 1 0 0 0 0 1 0 0 0 0 0 1 0 1
0.259454126630936 0 0 1 0 0 0 1 0 0 0 0 0 1 0 1
0.262518781784823 0 0 0 1 0 0 1 0 0 0 0 0 1 0 1
0.252866021002828 0 0 0 0 1 0 1 0 0 0 0 0 1 0 1
0.239942834685016 0 1 0 0 0 0 0 1 0 0 0 0 1 0 1
0.264242756809865 0 0 1 0 0 0 0 1 0 0 0 0 1 0 1
0.267343555215785 0 0 0 1 0 0 0 1 0 0 0 0 1 0 1
0.257575349950773 0 0 0 0 1 0 0 1 0 0 0 0 1 0 1
0.256058232376979 0 1 0 0 0 0 0 0 1 0 0 0 1 0 1
0.281386003058333 0 0 1 0 0 0 0 0 1 0 0 0 1 0 1
0.284610153726177 0 0 0 1 0 0 0 0 1 0 0 0 1 0 1
0.274447386562386 0 0 0 0 1 0 0 0 1 0 0 0 1 0 1
0.234379265147308 0 1 0 0 0 1 0 0 0 1 0 0 1 0 1
0.258307231173731 0 0 1 0 0 1 0 0 0 1 0 0 1 0 1
0.261363120476803 0 0 0 1 0 1 0 0 0 1 0 0 1 0 1
0.251738348039038 0 0 0 0 1 1 0 0 0 1 0 0 1 0 1
0.244853013482667 0 1 0 0 0 0 1 0 0 1 0 0 1 0 1
0.269473902969257 0 0 1 0 0 0 1 0 0 1 0 0 1 0 1
0.272613342405495 0 0 0 1 0 0 1 0 0 1 0 0 1 0 1
0.262721634746126 0 0 0 0 1 0 1 0 0 1 0 0 1 0 1
0.249462937486553 0 1 0 0 0 0 0 1 0 1 0 0 1 0 1
0.274378945278365 0 0 1 0 0 0 0 1 0 1 0 0 1 0 1
0.277553818213918 0 0 0 1 0 0 0 1 0 1 0 0 1 0 1
0.267548783826512 0 0 0 0 1 0 0 1 0 1 0 0 1 0 1
0.265993969235207 0 1 0 0 0 0 0 0 1 1 0 0 1 0 1
0.291918884890943 0 0 1 0 0 0 0 0 1 1 0 0 1 0 1
0.295214143005056 0 0 0 1 0 0 0 0 1 1 0 0 1 0 1
0.284823484307396 0 0 0 0 1 0 0 0 1 1 0 0 1 0 1
0.241266871140588 0 1 0 0 0 1 0 0 0 0 1 0 1 0 1
0.265654016464268 0 0 1 0 0 1 0 0 0 0 1 0 1 0 1
0.268765326067387 0 0 0 1 0 1 0 0 0 0 1 0 1 0 1
0.258963533805378 0 0 0 0 1 1 0 0 0 0 1 0 1 0 1
0.251947121737251 0 1 0 0 0 0 1 0 0 0 1 0 1 0 1
0.277019667616971 0 0 1 0 0 0 1 0 0 0 1 0 1 0 1
0.280213296810911 0 0 0 1 0 0 1 0 0 0 1 0 1 0 1
0.270148243667886 0 0 0 0 1 0 1 0 0 0 1 0 1 0 1
0.256645215841597 0 1 0 0 0 0 0 1 0 0 1 0 1 0 1
0.282009038068005 0 0 1 0 0 0 0 1 0 0 1 0 1 0 1
0.285237493952171 0 0 0 1 0 0 0 1 0 0 1 0 1 0 1
0.275060938855908 0 0 0 0 1 0 0 1 0 0 1 0 1 0 1
0.273478768549044 0 1 0 0 0 0 0 0 1 0 1 0 1 0 1
0.299835190113026 0 0 1 0 0 0 0 0 1 0 1 0 1 0 1
0.303181547424516 0 0 0 1 0 0 0 0 1 0 1 0 1 0 1
0.292626893823712 0 0 0 0 1 0 0 0 1 0 1 0 1 0 1
0.217361939097477 0 1 0 0 0 1 0 0 0 0 0 1 1 0 1
0.240097411064851 0 0 1 0 0 1 0 0 0 0 0 1 1 0 1
0.243008453745229 0 0 0 1 0 1 0 0 0 0 0 1 1 0 1
0.233845608485672 0 0 0 0 1 1 0 0 0 0 0 1 1 0 1
0.227300998885744 0 1 0 0 0 0 1 0 0 0 0 1 1 0 1
0.250743001117425 0 0 1 0 0 0 1 0 0 0 0 1 1 0 1
0.253740016967331 0 0 0 1 0 0 1 0 0 0 0 1 1 0 1
0.24430311878147 0 0 0 0 1 0 1 0 0 0 0 1 1 0 1
0.231681851130062 0 1 0 0 0 0 0 1 0 0 0 1 1 0 1
0.255426308638372 0 0 1 0 0 0 0 1 0 0 0 1 1 0 1
0.25845999221559 0 0 0 1 0 0 0 1 0 0 0 1 1 0 1
0.248906102240428 0 0 0 0 1 0 0 1 0 0 0 1 1 0 1
0.24742302945124 0 1 0 0 0 0 0 0 1 0 0 1 1 0 1
0.272209188855521 0 0 1 0 0 0 0 0 1 0 0 1 1 0 1
0.275368483031489 0 0 0 1 0 0 0 0 1 0 0 1 1 0 1
0.265413283292648 0 0 0 0 1 0 0 0 1 0 0 1 1 0 1
0.198494990577335 0 1 0 0 0 1 0 0 0 0 0 0 0 1 1
0.219811287640796 0 0 1 0 0 1 0 0 0 0 0 0 0 1 1
0.222548404977636 0 0 0 1 0 1 0 0 0 0 0 0 0 1 1
0.213938994518003 0 0 0 0 1 1 0 0 0 0 0 0 0 1 1
0.20780040288186 0 1 0 0 0 0 1 0 0 0 0 0 0 1 1
0.229829456488824 0 0 1 0 0 0 1 0 0 0 0 0 0 1 1
0.232654121309933 0 0 0 1 0 0 1 0 0 0 0 0 0 1 1
0.223766287489511 0 0 0 0 1 0 1 0 0 0 0 0 0 1 1
0.211908485847379 0 1 0 0 0 0 0 1 0 0 0 0 0 1 1
0.234244267490175 0 0 1 0 0 0 0 1 0 0 0 0 0 1 1
0.237106487144947 0 0 0 1 0 0 0 1 0 0 0 0 0 1 1
0.228099124570634 0 0 0 0 1 0 0 1 0 0 0 0 0 1 1
0.226702607777764 0 1 0 0 0 0 0 0 1 0 0 0 0 1 1
0.250102871750606 0 0 1 0 0 0 0 0 1 0 0 0 0 1 1
0.253094820951517 0 0 0 1 0 0 0 0 1 0 0 0 0 1 1
0.243674083166473 0 0 0 0 1 0 0 0 1 0 0 0 0 1 1
0.206818070632983 0 1 0 0 0 1 0 0 0 1 0 0 0 1 1
0.22877305966454 0 0 1 0 0 1 0 0 0 1 0 0 0 1 1
0.231588645168919 0 0 0 1 0 1 0 0 0 1 0 0 0 1 1
0.222729700067087 0 0 0 0 1 1 0 0 0 1 0 0 0 1 1
0.21640831675056 0 1 0 0 0 0 1 0 0 1 0 0 0 1 1
0.239074512167395 0 0 1 0 0 0 1 0 0 1 0 0 0 1 1
0.241977101997717 0 0 0 1 0 0 1 0 0 1 0 0 0 1 1
0.232841183283697 0 0 0 0 1 0 1 0 0 1 0 0 0 1 1
0.220639177068206 0 1 0 0 0 0 0 1 0 1 0 0 0 1 1
0.243610739402224 0 0 1 0 0 0 0 1 0 1 0 0 0 1 1
0.246550558531147 0 0 0 1 0 0 0 1 0 1 0 0 0 1 1
0.237296021931057 0 0 0 0 1 0 0 1 0 1 0 0 0 1 1
0.235860403051756 0 1 0 0 0 0 0 0 1 1 0 0 0 1 1
0.25988825154372 0 0 1 0 0 0 0 0 1 1 0 0 0 1 1
0.262956213731825 0 0 0 1 0 0 0 0 1 1 0 0 0 1 1
0.25329289292328 0 0 0 0 1 0 0 0 1 1 0 0 0 1 1
0.213121202391089 0 1 0 0 0 1 0 0 0 0 1 0 0 1 1
0.235546603642073 0 0 1 0 0 1 0 0 0 0 1 0 0 1 1
0.238419781874966 0 0 0 1 0 1 0 0 0 0 1 0 0 1 1
0.229377529384725 0 0 0 0 1 1 0 0 0 0 1 0 0 1 1
0.222921583326503 0 1 0 0 0 0 1 0 0 0 1 0 0 1 1
0.246055752195703 0 0 1 0 0 0 1 0 0 0 1 0 0 1 1
0.249015363251784 0 0 0 1 0 0 1 0 0 0 1 0 0 1 1
0.239697741033855 0 0 0 0 1 0 1 0 0 0 1 0 0 1 1
0.227242852496299 0 1 0 0 0 0 0 1 0 0 1 0 0 1 1
0.25068080345597 0 0 1 0 0 0 0 1 0 0 1 0 0 1 1
0.25367732758692 0 0 0 1 0 0 0 1 0 0 1 0 0 1 1
0.244241997824791 0 0 0 0 1 0 0 1 0 0 1 0 0 1 1
0.242777732700342 0 1 0 0 0 0 0 0 1 0 1 0 0 1 1
0.267263800577475 0 0 1 0 0 0 0 0 1 0 1 0 0 1 1
0.270387021868991 0 0 0 1 0 0 0 0 1 0 1 0 0 1 1
0.260547160074062 0 0 0 0 1 0 0 0 1 0 1 0 0 1 1
0.191301844436233 0 1 0 0 0 1 0 0 0 0 0 1 0 1 1
0.212050040584744 0 0 1 0 0 1 0 0 0 0 0 1 0 1 1
0.214717111481364 0 0 0 1 0 1 0 0 0 0 0 1 0 1 1
0.206330256073267 0 0 0 0 1 1 0 0 0 0 0 1 0 1 1
0.200354337395183 0 1 0 0 0 0 1 0 0 0 0 1 0 1 1
0.221815049409047 0 0 1 0 0 0 1 0 0 0 0 1 0 1 1
0.224569935900333 0 0 0 1 0 0 1 0 0 0 0 1 0 1 1
0.21590403922255 0 0 0 0 1 0 1 0 0 0 0 1 0 1 1
0.204353188602517 0 1 0 0 0 0 0 1 0 0 0 1 0 1 1
0.22612111040632 0 0 1 0 0 0 0 1 0 0 0 1 0 1 1
0.2289137451529 0 0 0 1 0 0 0 1 0 0 0 1 0 1 1
0.220127810284944 0 0 0 0 1 0 0 1 0 0 0 1 0 1 1
0.218766265597274 0 1 0 0 0 0 0 0 1 0 0 1 0 1 1
0.241603281218137 0 0 1 0 0 0 0 0 1 0 0 1 0 1 1
0.244526706582472 0 0 0 1 0 0 0 0 1 0 0 1 0 1 1
0.235324410549679 0 0 0 0 1 0 0 0 1 0 0 1 0 1 1
0.220114574228633 0 1 0 0 0 1 0 0 0 0 0 0 1 1 1
0.243048551290016 0 0 1 0 0 1 0 0 0 0 0 0 1 1 1
0.245983792418774 0 0 0 1 0 1 0 0 0 0 0 0 1 1 1
0.236743845359114 0 0 0 0 1 1 0 0 0 0 0 0 1 1 1
0.230142488284071 0 1 0 0 0 0 1 0 0 0 0 0 1 1 1
0.253781291624263 0 0 1 0 0 0 1 0 0 0 0 0 1 1 1
0.256802175972884 0 0 0 1 0 0 1 0 0 0 0 0 1 1 1
0.247289130740036 0 0 0 0 1 0 1 0 0 0 0 0 1 1 1
0.234561481014477 0 1 0 0 0 0 0 1 0 0 0 0 1 1 1
0.258501768693332 0 0 1 0 0 0 0 1 0 0 0 0 1 1 1
0.261559147846253 0 0 0 1 0 0 0 1 0 0 0 0 1 1 1
0.25192961877474 0 0 0 0 1 0 0 1 0 0 0 0 1 1 1
0.250434537523856 0 1 0 0 0 0 0 0 1 0 0 0 1 1 1
0.275411977472889 0 0 1 0 0 0 0 0 1 0 0 0 1 1 1
0.278594214397709 0 0 0 1 0 0 0 0 1 0 0 0 1 1 1
0.268565618332374 0 0 0 0 1 0 0 0 1 0 0 0 1 1 1
0.22908508060491 0 1 0 0 0 1 0 0 0 1 0 0 1 1 1
0.252650917221583 0 0 1 0 0 1 0 0 0 1 0 0 1 1 1
0.255662956138174 0 0 0 1 0 1 0 0 0 1 0 0 1 1 1
0.246178133540728 0 0 0 0 1 1 0 0 0 1 0 0 1 1 1
0.239396221875658 0 1 0 0 0 0 1 0 0 1 0 0 1 1 1
0.263659989701501 0 0 1 0 0 0 1 0 0 1 0 0 1 1 1
0.266756428930225 0 0 0 1 0 0 1 0 0 1 0 0 1 1 1
0.257002150987624 0 0 0 0 1 0 1 0 0 1 0 0 1 1 1
0.243936596403981 0 1 0 0 0 0 0 1 0 1 0 0 1 1 1
0.268498101035747 0 0 1 0 0 0 0 1 0 1 0 0 1 1 1
0.271630399204142 0 0 0 1 0 0 0 1 0 1 0 0 1 1 1
0.261761522478526 0 0 0 0 1 0 0 1 0 1 0 0 1 1 1
0.260228390768533 0 1 0 0 0 0 0 0 1 1 0 0 1 1 1
0.285810178032783 0 0 1 0 0 0 0 0 1 1 0 0 1 1 1
0.289064630090135 0 0 0 1 0 0 0 0 1 1 0 0 1 1 1
0.278804793081351 0 0 0 0 1 0 0 0 1 1 0 0 1 1 1
0.235865037565414 0 1 0 0 0 1 0 0 0 0 1 0 1 1 1
0.259893197611941 0 0 1 0 0 1 0 0 0 0 1 0 1 1 1
0.262961197442818 0 0 0 1 0 1 0 0 0 0 1 0 1 1 1
0.253297756429992 0 0 0 0 1 1 0 0 0 0 1 0 1 1 1
0.246383814363131 0 1 0 0 0 0 1 0 0 0 1 0 1 1 1
0.271103370410853 0 0 1 0 0 0 1 0 0 0 1 0 1 1 1
0.274254666677962 0 0 0 1 0 0 1 0 0 0 1 0 1 1 1
0.264325045682058 0 0 0 0 1 0 1 0 0 0 1 0 1 1 1
0.251012979095761 0 1 0 0 0 0 0 1 0 0 1 0 1 1 1
0.276026865812102 0 0 1 0 0 0 0 1 0 0 1 0 1 1 1
0.279213469706766 0 0 0 1 0 0 0 1 0 0 1 0 1 1 1
0.269170899593617 0 0 0 0 1 0 0 1 0 0 1 0 1 1 1
0.267610102494137 0 1 0 0 0 0 0 0 1 0 1 0 1 1 1
0.293629521509088 0 0 1 0 0 0 0 0 1 0 1 0 1 1 1
0.296935991986018 0 0 0 1 0 0 0 0 1 0 1 0 1 1 1
0.286509366036711 0 0 0 0 1 0 0 0 1 0 1 0 1 1 1
0.212345533117446 0 1 0 0 0 1 0 0 0 0 0 1 1 1 1
0.234713661189197 0 0 1 0 0 1 0 0 0 0 0 1 1 1 1
0.23757983687386 0 0 0 1 0 1 0 0 0 0 0 1 1 1 1
0.228559879683551 0 0 0 0 1 1 0 0 0 0 0 1 1 1 1
0.222120313590579 0 1 0 0 0 0 1 0 0 0 0 1 1 1 1
0.245197567028734 0 0 1 0 0 0 1 0 0 0 0 1 1 1 1
0.248150253136137 0 0 0 1 0 0 1 0 0 0 0 1 1 1 1
0.238854705854152 0 0 0 0 1 0 1 0 0 0 0 1 1 1 1
0.226430576316245 0 1 0 0 0 0 0 1 0 0 0 1 1 1 1
0.249811832065292 0 0 1 0 0 0 0 1 0 0 0 1 1 1 1
0.25280147331817 0 0 0 1 0 0 0 1 0 0 0 1 1 1 1
0.24338809646816 0 0 0 0 1 0 0 1 0 0 0 1 1 1 1
0.241927311865561 0 1 0 0 0 0 0 0 1 0 0 1 1 1 1
0.266357778777957 0 0 1 0 0 0 0 0 1 0 0 1 1 1 1
0.26947430615446 0 0 0 1 0 0 0 0 1 0 0 1 1 1 1
0.259655838970073 0 0 0 0 1 0 0 0 1 0 0 1 1 1 1
